-5.055938288569450378e-02
-5.809933319687843323e-02
1.170902047306299210e-02
-4.459694772958755493e-02
-6.178608909249305725e-02
-3.817607834935188293e-02
-1.466728467494249344e-02
-6.911633070558309555e-03
-1.016155779361724854e-01
-2.829022891819477081e-02
-7.142409682273864746e-02
-6.853488087654113770e-02
-8.576848357915878296e-02
-9.330973029136657715e-03
-5.191232264041900635e-02
7.209007162600755692e-03
1.671058684587478638e-02
-8.689124882221221924e-02
-8.134225010871887207e-02
-3.843421489000320435e-02
-2.339490130543708801e-02
-1.675382256507873535e-02
-7.922908291220664978e-03
-3.348970087245106697e-03
-5.999198928475379944e-02
-4.246918857097625732e-02
-3.591029345989227295e-02
-8.726873248815536499e-02
-3.562815487384796143e-02
2.019881270825862885e-02
-5.863572955131530762e-01
-5.125677585601806641e-02
-6.789746880531311035e-02
-1.906155422329902649e-02
3.582501551136374474e-03
-8.098610490560531616e-02
-2.011275850236415863e-02
-6.550724059343338013e-02
-2.500426396727561951e-02
3.637021034955978394e-02
1.482536643743515015e-02
-6.778646260499954224e-02
5.870539229363203049e-03
-3.620602935552597046e-02
6.094682961702346802e-03
-3.880538418889045715e-02
-5.540905147790908813e-02
-7.103252410888671875e-02
-1.044159531593322754e-01
-3.366834223270416260e-01
-2.034671418368816376e-02
-2.301476337015628815e-02
6.880321539938449860e-03
-2.334793843328952789e-02
-1.996634714305400848e-02
2.093872521072626114e-03
-4.189263656735420227e-02
-8.124349266290664673e-02
-6.879597902297973633e-02
-9.064925462007522583e-02
-5.949686095118522644e-02
2.880308777093887329e-02
-5.229580029845237732e-02
9.460778906941413879e-03
-1.416307687759399414e-01
-6.625254172831773758e-03
-4.870364814996719360e-02
-8.715787902474403381e-03
-4.966282099485397339e-02
-1.059067621827125549e-01
-3.168798238039016724e-02
-1.612366586923599243e-01
-2.430246323347091675e-01
-3.927656635642051697e-02
-9.500755928456783295e-03
1.883625052869319916e-02
-8.519744127988815308e-02
-7.163383811712265015e-02
1.326632797718048096e-01
3.511178866028785706e-02
-3.088818676769733429e-02
-9.210509061813354492e-02
-2.136729657649993896e-02
-6.641417741775512695e-02
-5.537438020110130310e-02
-7.238811999559402466e-02
-1.585753820836544037e-02
-1.454073637723922729e-01
-3.037938848137855530e-02
-3.515665233135223389e-02
-3.500370681285858154e-02
-5.707504972815513611e-02
-9.085182845592498779e-02
-5.130217224359512329e-02
-2.986708581447601318e-01
-1.123595386743545532e-01
-1.303195208311080933e-01
-1.656244508922100067e-02
7.304729893803596497e-03
1.066940138116478920e-03
5.593791604042053223e-03
-5.955723114311695099e-03
-1.987541653215885162e-02
-7.567466050386428833e-02
-3.658017143607139587e-02
-7.828244566917419434e-02
-2.982070110738277435e-02
-7.076349854469299316e-02
-3.315252959728240967e-01
